612.0 177.0 622.0 189.0 584.0 222.0 574.0 210.0 ship 0
520.0 256.0 525.0 261.0 515.0 271.0 510.0 267.0 ship 0
441.0 339.0 450.0 346.0 435.0 362.0 427.0 355.0 ship 0
514.0 271.0 521.0 277.0 507.0 292.0 501.0 286.0 ship 0
739.0 109.0 776.0 94.0 781.0 106.0 744.0 122.0 ship 0
723.0 199.0 737.0 191.0 741.0 198.0 727.0 205.0 ship 0
398.0 389.0 410.0 397.0 382.0 440.0 370.0 433.0 ship 0
568.0 223.0 578.0 233.0 564.0 246.0 555.0 237.0 ship 0
637.0 169.0 642.0 177.0 624.0 188.0 619.0 180.0 ship 0
455.0 329.0 463.0 337.0 452.0 349.0 444.0 341.0 ship 0
284.0 599.0 295.0 605.0 269.0 647.0 259.0 640.0 ship 0
506.0 270.0 511.0 274.0 497.0 289.0 492.0 285.0 ship 0
552.0 237.0 561.0 246.0 547.0 260.0 538.0 250.0 ship 0
414.0 366.0 427.0 375.0 415.0 390.0 403.0 381.0 ship 0
718.0 122.0 722.0 131.0 702.0 141.0 698.0 133.0 ship 0
