245.0 632.0 378.0 603.0 386.0 639.0 252.0 667.0 ship 0
56.0 118.0 69.0 126.0 47.0 168.0 33.0 160.0 ship 0
564.0 313.0 639.0 334.0 630.0 362.0 556.0 341.0 ship 0
87.0 455.0 106.0 450.0 111.0 468.0 92.0 473.0 ship 0
368.0 335.0 376.0 339.0 367.0 357.0 359.0 353.0 ship 0
303.0 446.0 314.0 453.0 291.0 491.0 280.0 484.0 ship 0
349.0 346.0 357.0 349.0 350.0 368.0 342.0 365.0 ship 0
563.0 538.0 585.0 529.0 590.0 540.0 568.0 550.0 ship 0
449.0 687.0 469.0 687.0 469.0 696.0 449.0 696.0 ship 0
751.0 440.0 772.0 450.0 744.0 506.0 723.0 495.0 ship 0
263.0 752.0 294.0 788.0 275.0 804.0 245.0 767.0 ship 0
361.0 330.0 369.0 334.0 360.0 352.0 352.0 348.0 ship 0
