44.0 212.0 46.0 209.0 53.0 214.0 51.0 218.0 bridge 0
150.0 44.0 161.0 44.0 161.0 49.0 150.0 49.0 bridge 0
151.0 139.0 164.0 139.0 164.0 145.0 151.0 145.0 bridge 0
162.0 211.0 171.0 211.0 171.0 219.0 162.0 219.0 tank 0
180.0 218.0 188.0 218.0 188.0 225.0 180.0 225.0 tank 0
193.0 226.0 201.0 226.0 201.0 234.0 193.0 234.0 tank 0
208.0 232.0 216.0 232.0 216.0 241.0 208.0 241.0 tank 0
244.0 231.0 252.0 231.0 252.0 239.0 244.0 239.0 tank 0
179.0 234.0 188.0 234.0 188.0 241.0 179.0 241.0 tank 0
197.0 241.0 205.0 241.0 205.0 249.0 197.0 249.0 tank 0
218.0 242.0 226.0 242.0 226.0 249.0 218.0 249.0 tank 0
